date,city,temperature,humidity,wind_speed,weather_condition
2024-01-01,宿迁,24.647380352905113,46.02763170204052,0.9796394981781786,雾
2024-01-02,宿迁,30.94538213683682,67.7665427989574,0.06295250905508704,多云
2024-01-03,宿迁,23.894190361335674,42.900423426412814,0.5587460993918668,晴
2024-01-04,宿迁,19.66529279843823,77.72922441117619,2.3699461484855795,晴
2024-01-05,宿迁,24.597553510465183,61.17882362308083,1.6816676938817323,晴
2024-01-06,宿迁,24.106146779750784,47.07519147140519,7.768972228166425,多云
2024-01-07,宿迁,25.081592247272347,57.11313026835931,1.000060181930763,多云
2024-01-08,宿迁,24.11565139939617,46.44239228784249,0.7582260810997803,阴
2024-01-09,宿迁,14.097619135128783,45.49656780868568,5.467874987208382,多云
2024-01-10,宿迁,17.007571881699562,47.77326753597406,0.8604833083924208,雷阵雨
2024-01-11,宿迁,22.594494195118383,40.967471602891266,5.525994195725039,小雨
2024-01-12,宿迁,25.20214067287388,70.03021046754253,1.1255876817817867,多云
2024-01-13,宿迁,17.070945303679686,69.22448207555517,6.768340606438985,晴
2024-01-14,宿迁,26.291321538871383,82.96378767331991,0.021143975913926874,晴
2024-01-15,宿迁,15.738477573239798,61.61659232811715,1.355859296131712,晴
2024-01-16,宿迁,21.3067469361321,53.131590694405425,0.1677801954346235,晴
2024-01-17,宿迁,26.303287046260962,43.38666523271351,0.9133785001765512,雷阵雨
2024-01-18,宿迁,30.66189315299509,49.797922221862564,8.597105435454296,晴
2024-01-19,宿迁,27.208693228577026,50.47412072964773,4.455600307064821,雾
2024-01-20,宿迁,23.26640816953867,45.8817671186787,0.17092142525495066,多云
2024-01-21,宿迁,16.223223394408027,61.36745915869879,0.4998969936170017,晴
2024-01-22,宿迁,26.348017718982202,74.5939513517634,3.585680475753766,大雨
2024-01-23,宿迁,18.337281186828562,89.85241296248454,4.361401614848646,多云
2024-01-24,宿迁,18.178810976008556,74.00689149197368,0.4888589467439958,多云
2024-01-25,宿迁,22.768762397606928,73.03648985417115,4.16814810693316,多云
2024-01-26,宿迁,15.927844875945302,67.59219373084939,7.352438918743982,晴
2024-01-27,宿迁,28.354774357943334,48.18946532250152,0.16451129038006318,晴
2024-01-28,宿迁,35.12116530782854,70.52278917365375,1.975399210977731,多云
2024-01-29,宿迁,26.897262656545323,49.67195380876875,4.175036695364686,晴
2024-01-30,宿迁,27.576207849608352,56.469015906968025,1.124508129645944,晴
2024-01-31,宿迁,24.047452969370525,65.8784831161362,0.10208688527188003,阴
2024-02-01,宿迁,28.30832640017189,74.2279624816999,0.17630586610807725,晴
2024-02-02,宿迁,22.655145812483156,46.80593825366938,0.4091400684867082,多云
2024-02-03,宿迁,26.916046745932363,56.58192223532952,1.7562277208198427,小雨
2024-02-04,宿迁,28.897273500829456,74.0911920148481,0.041980181358521246,晴
2024-02-05,宿迁,15.887766836283944,63.17358604234701,2.685176044990249,晴
2024-02-06,宿迁,23.184277701793274,88.4169993638519,1.6536433746429984,多云
2024-02-07,宿迁,27.363815632116598,69.19475146626837,1.158981564455384,晴
2024-02-08,宿迁,32.839137236915064,55.013185711849474,2.4583129338056753,多云
2024-02-09,宿迁,33.42079383056072,62.30636795183873,1.9425026200325908,晴
2024-02-10,宿迁,20.478716205737957,50.79308531520296,0.11494619873026111,多云
2024-02-11,宿迁,19.855193117432712,52.755499866663826,4.746267027056768,雷阵雨
2024-02-12,宿迁,25.0983814845279,71.35374630412176,1.7967686227671547,阴
2024-02-13,宿迁,25.028202491778277,51.9807236986951,0.06564307930597882,雾
2024-02-14,宿迁,21.802280704590125,83.39358279525464,1.4644890644985484,晴
2024-02-15,宿迁,27.94913980264354,86.61138555708861,6.202546346636159,大雨
2024-02-16,宿迁,23.299067677556344,89.3144372413482,0.7198583583060567,多云
2024-02-17,宿迁,32.93145708734983,81.2664782199179,0.9970481282701033,多云
2024-02-18,宿迁,18.75940304761994,77.717947930827,2.168074370100365,雾
2024-02-19,宿迁,22.463067432729865,61.48997427965725,1.564939493076474,多云
2024-02-20,宿迁,17.919272442801137,60.3478124880583,4.047390767870234,晴
2024-02-21,宿迁,27.667662023085988,54.62267004790261,1.3637610712644967,多云
2024-02-22,宿迁,22.730570929679025,51.72597465339096,2.8923201542148784,多云
2024-02-23,宿迁,27.57794434113903,67.68849924506618,1.3028215007365738,晴
2024-02-24,宿迁,15.791294896169841,56.060446061640604,5.586809749793429,小雨
2024-02-25,宿迁,21.108061861974857,86.43110721378315,1.4536020484477437,晴
2024-02-26,宿迁,33.69285561355717,79.23469251800017,1.780451213694246,大雨
2024-02-27,宿迁,21.59036979724139,41.801524548930836,2.565479715777388,多云
2024-02-28,宿迁,24.938550702133515,40.76877486929255,0.5793048966165295,晴
2024-02-29,宿迁,27.46574383813963,61.459440354431315,0.3511047691567071,晴
2024-03-01,宿迁,22.31030644074564,51.235969132048,2.06404459890932,多云
2024-03-02,宿迁,33.96696353344369,65.16866216027901,0.6672121931927092,晴
2024-03-03,宿迁,23.235993153970753,89.8222563099009,0.9008529487922923,晴
2024-03-04,宿迁,25.050643120423924,54.31408294418125,0.05411101714523901,多云
2024-03-05,宿迁,16.813485936925176,62.338856410793895,2.8134265199009176,小雨
2024-03-06,宿迁,44.48754038238853,59.59765184322538,5.791706863647399,雾
2024-03-07,宿迁,21.67863926212027,80.19169948952472,4.703170278936496,雾
2024-03-08,宿迁,35.16172302598495,58.16908102566745,1.7002126162037334,多云
2024-03-09,宿迁,28.504758339333637,82.70971148906658,5.928010566888943,小雨
2024-03-10,宿迁,28.995150467447612,82.3201176142866,0.183917113844458,多云
2024-03-11,宿迁,26.30648983313478,76.61295266453678,3.8425853965733543,多云
2024-03-12,宿迁,24.395099913104467,80.67070666372163,0.5189563398683107,多云
2024-03-13,宿迁,20.298456907427315,71.00667966192783,0.6240261750121062,多云
2024-03-14,宿迁,20.22181566765625,60.17849808842607,0.055446350665586806,多云
2024-03-15,宿迁,34.580514473891824,59.11986425680067,2.938929798201887,晴
2024-03-16,宿迁,30.59641483369713,55.847423713899175,0.41078481064903655,多云
2024-03-17,宿迁,20.5521494537168,74.86860030309414,0.8536047696041802,雷阵雨
2024-03-18,宿迁,18.83064815157461,79.81631031788149,3.130661967988205,多云
2024-03-19,宿迁,21.734577178580086,75.8660097339098,1.7143602185168374,晴
2024-03-20,宿迁,23.581666279086086,80.99133957807956,2.8131535114077786,雷阵雨
2024-03-21,宿迁,20.340665548767895,72.21201847164247,1.0348239684308187,多云
2024-03-22,宿迁,37.50015602022021,53.60798203575408,1.1237958601443412,多云
2024-03-23,宿迁,26.914602869230357,43.13444652836697,2.5674156200176146,多云
2024-03-24,宿迁,24.927074161051852,58.96874873473078,1.874635367368293,大雨
2024-03-25,宿迁,19.279944893017607,54.18865406396866,1.3859039858170108,晴
2024-03-26,宿迁,32.772997485770674,78.9958871744943,2.861286972678926,雷阵雨
2024-03-27,宿迁,25.200858115881008,83.90965721274756,2.496093451857115,雷阵雨
2024-03-28,宿迁,26.150906497154466,81.59612455743611,0.9351601146593161,多云
2024-03-29,宿迁,18.447996049209877,62.38105661878609,0.06029754887224795,小雨
2024-03-30,宿迁,22.411957449241637,67.0116955381339,0.15768957676751366,小雨
2024-03-31,宿迁,30.62620655144248,46.28481793799718,1.9169359713647132,晴
2024-04-01,宿迁,25.873541184397013,69.73099959916166,1.6099872499836645,雷阵雨
2024-04-02,宿迁,21.903838254688083,43.428521821382084,1.8310359551658066,晴
2024-04-03,宿迁,29.604626290655894,71.55613183539573,4.145210870725868,多云
2024-04-04,宿迁,30.183070051900746,56.3545491053052,0.14725570829412157,小雨
2024-04-05,宿迁,27.49727897931106,89.5183552200973,1.1217241903192605,雷阵雨
2024-04-06,宿迁,22.820569622422184,54.1729766343871,1.2131858739002506,晴
2024-04-07,宿迁,24.188417452393,58.592086944926976,1.3845121285294117,晴
2024-04-08,宿迁,17.336925286456975,85.6796372861707,5.883648290507739,小雨
2024-04-09,宿迁,26.319669362846017,68.57339960027656,0.9093471093210238,多云
2024-04-10,宿迁,17.347392240944217,82.55713747940361,0.47415293555510946,晴
2024-04-11,宿迁,20.728038807291203,50.411184684841686,0.9723784001775226,晴
2024-04-12,宿迁,31.76538720532431,89.08618588171834,4.471592963025677,中雨
2024-04-13,宿迁,20.17144141823926,74.92766649068801,0.9213760483052152,小雨
2024-04-14,宿迁,19.942205515738088,41.23160203001247,2.719178930871739,小雨
2024-04-15,宿迁,28.144047642656883,77.73380955333977,1.630445988577499,阴
2024-04-16,宿迁,17.7859107050699,74.39333841495517,0.572394249646565,多云
2024-04-17,宿迁,30.28489263225738,61.336280871679214,2.6289857898552444,雾
2024-04-18,宿迁,30.12384959310984,70.25745652246812,0.5765433798724119,多云
2024-04-19,宿迁,21.353555163140072,49.042638070888174,7.942959476760663,晴
2024-04-20,宿迁,30.514443082710848,45.987284459787475,0.8183034975710057,多云
2024-04-21,宿迁,27.181224132569096,61.196047746608144,6.68387665056277,多云
2024-04-22,宿迁,20.449088324716616,53.99616118249436,0.009808917702968318,晴
2024-04-23,宿迁,19.303349158651137,69.68827698579295,8.779193842306789,雷阵雨
2024-04-24,宿迁,21.438283217817002,80.87988353844284,2.003966953182303,晴
2024-04-25,宿迁,24.93839298792192,82.72470709225868,4.425652755943197,阴
2024-04-26,宿迁,25.51658998568238,87.25977341435902,6.335993679480674,晴
2024-04-27,宿迁,22.08556402544506,42.30597937800267,1.2236636486668198,多云
2024-04-28,宿迁,30.527532392733065,71.24752500744086,1.7058778438151685,晴
2024-04-29,宿迁,26.170338383369405,55.404557163878536,0.5015071220051687,晴
2024-04-30,宿迁,31.412454521513926,86.12951892331154,1.7731268455284266,晴
2024-05-01,宿迁,24.926147861388475,43.93033937275018,0.4036499350061462,小雨
2024-05-02,宿迁,20.90258437880458,40.49869707453771,6.217928269965547,晴
2024-05-03,宿迁,16.58312950525407,69.25619852675922,2.203505883722701,晴
2024-05-04,宿迁,29.499353528072078,89.7364494470194,3.094876268109692,多云
2024-05-05,宿迁,17.069330726980763,84.34580821602916,1.3338972502178241,中雨
2024-05-06,宿迁,24.97089214601661,87.56737645158526,0.27541933846862926,阴
2024-05-07,宿迁,31.510183695943027,48.32250231748518,0.4918368369412129,多云
2024-05-08,宿迁,14.209227902846562,85.40730661721577,1.090901676417735,雾
2024-05-09,宿迁,21.861394905853217,44.550180650726574,4.6499758717825985,阴
2024-05-10,宿迁,27.63298766891774,58.558480076189205,1.8360652438968776,中雨
2024-05-11,宿迁,22.398192385812507,89.3356824220032,2.282318586035354,小雨
2024-05-12,宿迁,24.34493740655861,87.0243887529999,0.6614339736116802,多云
2024-05-13,宿迁,24.35365373013608,55.88220889855545,0.48083884736794125,雷阵雨
2024-05-14,宿迁,24.22701939938435,44.61812040618903,0.3392777684407233,晴
2024-05-15,宿迁,32.21098717531611,76.97288222725234,0.18708244303874458,晴
2024-05-16,宿迁,17.079105016354887,57.85141140829806,2.546804964829228,大雨
2024-05-17,宿迁,21.326801714669376,85.7771902206714,1.867790689682586,雷阵雨
2024-05-18,宿迁,22.25136590853965,66.17280533534213,1.67981265419212,多云
2024-05-19,宿迁,22.379850986609643,56.46897702281096,0.4219208394320885,晴
2024-05-20,宿迁,32.769164580503244,89.23914293916408,0.6845524070836111,多云
2024-05-21,宿迁,16.153628360209225,83.28829733296934,0.6403615401364633,多云
2024-05-22,宿迁,21.887998067539392,81.01761192229331,1.5018191707405308,阴
2024-05-23,宿迁,26.569664445454006,48.23300970958968,1.961348961091839,晴
2024-05-24,宿迁,22.2246352511006,84.66947201582884,12.03320591404893,阴
2024-05-25,宿迁,20.52637489396642,73.62622757710565,1.2704399185316724,大雨
2024-05-26,宿迁,30.72482067981988,82.94184741038771,0.5410673571939708,阴
2024-05-27,宿迁,28.147079595882367,47.09010547577732,0.7985861364171,大雨
2024-05-28,宿迁,30.92906937364998,46.19580217756494,0.22306565567402034,多云
2024-05-29,宿迁,21.732717626189405,63.37624985772776,0.27658842213866014,晴
2024-05-30,宿迁,25.372032684901964,71.33676018644934,1.483893982336935,雷阵雨
2024-05-31,宿迁,19.101556453522527,74.63613593287147,7.487412382368366,晴
2024-06-01,宿迁,17.538977315340883,63.152082717437125,1.876884139076722,中雨
2024-06-02,宿迁,27.849811190659583,59.741065992933656,1.2487995516819157,大雨
2024-06-03,宿迁,31.61983129562416,71.08063687203332,1.2107826657776404,多云
2024-06-04,宿迁,27.00325703211523,84.41575802708704,0.8683638452742121,多云
2024-06-05,宿迁,26.15536613824505,53.27513916874511,1.83661825366072,阴
2024-06-06,宿迁,22.585812029487972,64.04798291324008,8.954800174367733,晴
2024-06-07,宿迁,27.832379979374277,63.032015536284916,3.43829922226951,雾
2024-06-08,宿迁,29.104925220856526,52.67660007663933,2.0799856124199865,大雨
2024-06-09,宿迁,25.88939692684469,65.03852516223725,2.1546270889654053,晴
2024-06-10,宿迁,22.73757753651281,52.559867314883654,1.4112758456260956,多云
2024-06-11,宿迁,31.711970031385903,67.94869584800476,0.6093473843429823,阴
2024-06-12,宿迁,33.087095967641396,53.2937892054071,0.19458945193840013,晴
2024-06-13,宿迁,26.757288870918043,59.83856790450011,3.527649118739324,小雨
2024-06-14,宿迁,28.633077331451233,56.53760917613246,0.6242965121997508,晴
2024-06-15,宿迁,29.585402260308204,85.59329225833525,1.050822739117034,大雨
2024-06-16,宿迁,23.566325925645913,53.9210058716908,1.0527702162098582,多云
2024-06-17,宿迁,23.225897298910336,42.39465892184034,0.08778826407856184,阴
2024-06-18,宿迁,29.458461188007107,64.32584009813304,2.395831938777292,晴
2024-06-19,宿迁,23.17932792732365,53.14296143820775,0.9595061087981915,晴
2024-06-20,宿迁,34.093468970382084,56.612169513956346,3.8716739394809214,小雨
2024-06-21,宿迁,24.651403299958,57.1833035444964,0.6758224028443729,阴
2024-06-22,宿迁,21.062296831838456,88.57664503458443,2.1730089018188874,晴
2024-06-23,宿迁,26.832027500864545,49.41267820546671,0.6968297442102167,多云
2024-06-24,宿迁,28.44290870460525,86.69117927406013,6.725591235757137,中雨
2024-06-25,宿迁,23.72601512790821,87.69674288810653,0.8783585508309197,晴
2024-06-26,宿迁,27.21361118138401,50.954090671927325,4.719722240520743,中雨
2024-06-27,宿迁,18.5390523294547,50.02505795636237,0.623454190501113,雾
2024-06-28,宿迁,27.003155877531235,61.43915524645885,5.518368141305685,小雨
2024-06-29,宿迁,30.872201006447135,60.70302910240957,1.626851888456028,小雨
2024-06-30,宿迁,30.642755118421505,47.103647740889166,2.7946083772079775,阴
2024-07-01,宿迁,29.10294980261613,53.56068433519722,1.0391524451456962,晴
2024-07-02,宿迁,19.808576457421545,70.59049296967994,6.883317752376094,阴
2024-07-03,宿迁,26.973988524343916,67.97802865485937,2.325157221408542,晴
2024-07-04,宿迁,37.62271514934936,88.53106912405079,2.469372771405319,雷阵雨
2024-07-05,宿迁,26.57452005933127,43.82341104400615,1.8029243517708078,阴
2024-07-06,宿迁,28.381458996827202,69.48276200334888,0.3510766645026971,多云
2024-07-07,宿迁,30.825790545637346,77.23440064335807,0.6335373256134412,阴
2024-07-08,宿迁,27.92735415864523,52.32213875262385,3.757326711331244,晴
2024-07-09,宿迁,16.474951918563036,72.69584553169537,5.220746550375174,晴
2024-07-10,宿迁,26.83677663210761,85.669894706969,1.0944152968556629,多云
2024-07-11,宿迁,28.415326941543192,58.20925947988472,5.466005460172279,多云
2024-07-12,宿迁,18.92834319686388,65.99610756005002,0.06921199065017253,晴
2024-07-13,宿迁,23.47209447042921,60.46276911065046,2.23982346417525,雷阵雨
2024-07-14,宿迁,23.279223169361728,75.75306633160275,1.0901858233340658,晴
2024-07-15,宿迁,34.75686802059811,67.8927417759325,1.5689888015586249,晴
2024-07-16,宿迁,14.627285569452004,79.4475982377385,0.3254363609578372,小雨
2024-07-17,宿迁,22.94552826177984,50.026946209097574,3.6359561034097396,晴
2024-07-18,宿迁,25.729801935973654,83.78331581987902,1.4961409363252125,多云
2024-07-19,宿迁,26.15269658244008,61.86612953902309,0.7779639569811,阴
2024-07-20,宿迁,14.29569248278127,59.917432045330514,2.980855162272626,多云
2024-07-21,宿迁,34.89066903826063,77.69464295960384,3.756633399992615,晴
2024-07-22,宿迁,18.939697171907763,81.79649946114824,1.0212158991943439,多云
2024-07-23,宿迁,24.110729248617666,73.80842631066494,0.7271193040941718,多云
2024-07-24,宿迁,19.553956647593566,44.088313805061425,0.07859278445448827,多云
2024-07-25,宿迁,20.224561676225093,89.90492495614579,2.2642522750925673,雷阵雨
2024-07-26,宿迁,21.98782083901436,55.71014048311595,3.3909488853588527,大雨
2024-07-27,宿迁,21.363337569463386,76.7413062971157,3.154156814542369,晴
2024-07-28,宿迁,20.4972270358381,63.990207557292834,2.3220802463202057,多云
2024-07-29,宿迁,22.175590891041665,71.39459183962123,1.2304491121560175,多云
2024-07-30,宿迁,28.655121059991064,76.53218218014372,0.41121327296662125,中雨
2024-07-31,宿迁,24.365188105451104,77.73823696566247,0.7919204667578025,多云
2024-08-01,宿迁,19.753938206004282,59.0011922722337,0.8333161304677615,多云
2024-08-02,宿迁,15.723023557475264,55.94849057275338,3.2933971648535887,大雨
2024-08-03,宿迁,22.857091618490085,78.16158438439967,0.40479306208976557,小雨
2024-08-04,宿迁,34.31238341891634,61.590996611037085,2.3394141107876627,多云
2024-08-05,宿迁,20.908320280346217,89.29014432158304,0.5198189738549511,晴
2024-08-06,宿迁,21.193770725237286,41.564976715155545,3.472139676649049,阴
2024-08-07,宿迁,16.524567495674866,69.28268651640343,2.44841488337969,晴
2024-08-08,宿迁,22.798524446882986,61.99187728100526,0.8247907002851195,大雨
2024-08-09,宿迁,15.829711741629078,78.80023386584693,3.0983400134401196,中雨
2024-08-10,宿迁,31.27063657530877,81.75458898431768,4.1361264512381455,晴
2024-08-11,宿迁,25.541486249574774,45.82468436675397,0.797459231105272,多云
2024-08-12,宿迁,23.31250672315095,64.83180253313685,2.4447805501689372,晴
2024-08-13,宿迁,20.856799752364577,55.87435435755007,1.5730747885231844,雾
2024-08-14,宿迁,28.237333553194688,50.318754762054496,2.766673660052442,雾
2024-08-15,宿迁,15.488394107447352,58.35683693315538,2.1891108155861185,晴
2024-08-16,宿迁,26.91666656385754,89.16539767812026,2.5262591231829536,晴
2024-08-17,宿迁,30.492763513269104,50.26498603549673,1.1044497106019986,雾
2024-08-18,宿迁,23.44815059371818,85.47091077221636,0.6095441985395361,晴
2024-08-19,宿迁,25.091667500570352,61.35171294607922,6.595008908360758,阴
2024-08-20,宿迁,30.96805988398225,51.92433568678541,2.1178876055130504,小雨
2024-08-21,宿迁,26.328685605585427,84.46824488372013,0.34370439070673064,晴
2024-08-22,宿迁,19.868649312465443,84.53646303870983,1.0201856522952921,晴
2024-08-23,宿迁,30.79036856821235,69.01374927024321,3.31499434592799,晴
2024-08-24,宿迁,14.872344887850454,62.175377027265895,0.6113169042632908,阴
2024-08-25,宿迁,22.97733345729634,85.78535881518624,5.8199166486260046,多云
2024-08-26,宿迁,29.038421022513642,50.56437673725638,6.06457718995206,多云
2024-08-27,宿迁,22.305918082937445,46.10176608701592,3.9172083937270523,晴
2024-08-28,宿迁,31.275697891467754,46.48057510501962,3.6183639931280998,晴
2024-08-29,宿迁,19.312680588384357,78.36557162996483,3.361496034380418,雷阵雨
2024-08-30,宿迁,29.515320609386308,75.30794458474615,0.4805424849684445,雷阵雨
2024-08-31,宿迁,28.522308851594154,59.77479642204263,0.08171878804168771,多云
2024-09-01,宿迁,21.271129437443253,68.61743743867532,1.83943201990472,阴
2024-09-02,宿迁,23.900858440410683,52.02123188555137,0.4462176247026644,大雨
2024-09-03,宿迁,25.061205341411355,77.60150688673511,3.0714614355293253,中雨
2024-09-04,宿迁,22.21678582403231,55.60682025294514,1.5143393570746915,中雨
2024-09-05,宿迁,26.212249804313203,86.73248978811984,4.648064025177063,晴
2024-09-06,宿迁,22.351699653002353,54.45809685605832,1.0718185103180382,大雨
2024-09-07,宿迁,24.03050100127078,60.59754760503125,9.193675294732984,晴
2024-09-08,宿迁,21.826865686182064,43.766919471292354,1.2472468468635691,晴
2024-09-09,宿迁,28.144449055797903,51.18280174708137,1.0554272131193925,晴
2024-09-10,宿迁,26.028002869248937,63.78958373132511,2.2072487549098243,小雨
2024-09-11,宿迁,19.849801707284875,76.5939957060537,0.9088992148906256,多云
2024-09-12,宿迁,18.13501948164914,85.27989819521582,0.9103129938516488,小雨
2024-09-13,宿迁,26.885608166719123,43.124301187465136,2.991340326774198,多云
2024-09-14,宿迁,13.754677205451344,53.47351464356601,4.148615590755701,多云
2024-09-15,宿迁,30.254668339147507,55.31520404080932,1.9768549681262908,晴
2024-09-16,宿迁,15.166031382272466,59.568309060623704,10.56273344908106,阴
2024-09-17,宿迁,14.931073604725364,76.61488462053163,1.6987379552481932,晴
2024-09-18,宿迁,23.735451628059767,46.62509075662271,2.152374239797246,晴
2024-09-19,宿迁,27.327620279219087,82.64097371003191,0.8265864239105702,雷阵雨
2024-09-20,宿迁,25.714590732532095,66.37703718672891,1.3922334257943494,晴
2024-09-21,宿迁,26.88273968651095,79.28531779029956,0.00448069886485513,小雨
2024-09-22,宿迁,25.353746858968446,82.68660136786679,0.47511305710513224,多云
2024-09-23,宿迁,21.91789855081941,54.150115784077755,1.470122511695054,多云
2024-09-24,宿迁,24.059326455495363,88.35994066581324,3.342912623727189,多云
2024-09-25,宿迁,22.534394334453957,54.857249187028856,0.7521254579243838,阴
2024-09-26,宿迁,31.327058435270118,42.006638244393486,0.6822290451673121,晴
2024-09-27,宿迁,31.070987476949252,45.752578169134765,2.8262570415060666,小雨
2024-09-28,宿迁,25.127305595556372,57.41551278817482,7.373711048803425,晴
2024-09-29,宿迁,23.307217892293703,81.32390266291145,1.037488261728599,小雨
2024-09-30,宿迁,24.32787427705766,41.78582727292734,4.5242796310081195,晴
2024-10-01,宿迁,26.310755570113667,71.23450128200655,3.4111365295817415,多云
2024-10-02,宿迁,21.417297045971967,76.8509738911019,4.403257809145667,大雨
2024-10-03,宿迁,25.060549680985833,56.05482543136429,8.239366149792044,多云
2024-10-04,宿迁,24.483535255959154,52.70487329775767,2.3848439248208324,雷阵雨
2024-10-05,宿迁,26.733401478634867,42.92703005841258,3.599322838391227,阴
2024-10-06,宿迁,18.856011043897425,50.91494774098451,3.912716446677548,大雨
2024-10-07,宿迁,28.36523796644948,58.752191793613676,2.8003990977355273,多云
2024-10-08,宿迁,20.482238186790088,75.13878040149515,0.8321639111948532,晴
2024-10-09,宿迁,21.058775389228117,51.64922575430283,1.985846768786297,晴
2024-10-10,宿迁,32.394972971923316,88.97101052334793,0.7585193292311164,晴
2024-10-11,宿迁,24.003118846089286,86.82549287185554,0.5965764535591527,晴
2024-10-12,宿迁,29.789079934067068,70.66998915854813,0.9160708834217027,雷阵雨
2024-10-13,宿迁,26.12053047626394,62.60713407776291,0.9128247636405828,小雨
2024-10-14,宿迁,25.48601205170998,47.1050482953606,1.1040296446547004,阴
2024-10-15,宿迁,16.048640619393677,87.70832573648393,0.402212521367424,多云
2024-10-16,宿迁,36.488730204572086,52.1624130109096,1.2553127396682808,阴
2024-10-17,宿迁,37.61355459350096,62.76928378525223,1.310892271982067,阴
2024-10-18,宿迁,29.2409312488697,52.95568548351135,3.00806688623115,晴
2024-10-19,宿迁,28.6914866369591,83.71132017940609,1.8064882249051355,晴
2024-10-20,宿迁,23.387127474461685,65.53028430739235,6.3317125749726975,多云
2024-10-21,宿迁,21.56017835648343,41.400990105529665,2.3064422655088697,多云
2024-10-22,宿迁,21.86111343614162,60.92515603741653,1.748216990743141,多云
2024-10-23,宿迁,27.39088402236979,87.93905580398737,1.2749856570200795,阴
2024-10-24,宿迁,13.427485434701298,86.41111580152466,2.2657664887352102,多云
2024-10-25,宿迁,33.937426206058376,86.83652319144032,1.2291005529159555,阴
2024-10-26,宿迁,24.837351101995882,49.299154205546074,0.5537946891688295,小雨
2024-10-27,宿迁,21.148621984893417,52.77717790668376,3.0811540999900675,雷阵雨
2024-10-28,宿迁,27.562414177256038,62.590803122376556,0.9582151417606731,晴
2024-10-29,宿迁,29.75561064105667,40.96056120952326,0.743460537240007,多云
2024-10-30,宿迁,18.81193384577885,54.09743813230333,2.845251168051871,晴
2024-10-31,宿迁,26.035502196879666,46.633530856751776,3.1734539390725875,晴
2024-11-01,宿迁,27.081882231230317,58.40268637330618,1.7011018056018736,多云
2024-11-02,宿迁,24.49888888183154,84.08916087753391,0.9076397355412599,阴
2024-11-03,宿迁,21.844532238306407,42.44316460317771,1.4041359269508045,多云
2024-11-04,宿迁,43.63418720942599,87.66368245269072,1.3147890425222226,多云
2024-11-05,宿迁,28.067910343258216,51.12113046224321,0.8561415964001222,多云
2024-11-06,宿迁,23.674570779603634,57.95413349732708,0.3228046688189117,晴
2024-11-07,宿迁,28.07733721029104,73.42761873006447,1.2508215850693625,多云
2024-11-08,宿迁,27.60606951602909,72.09713880105365,4.131484473334177,阴
2024-11-09,宿迁,17.054374103654965,45.839471815311946,4.786411708441944,中雨
2024-11-10,宿迁,24.376389366032196,76.53460016409943,0.19180658039703613,晴
2024-11-11,宿迁,20.539467893837312,80.33790898637808,0.4297200929244528,多云
2024-11-12,宿迁,35.00671469972315,76.43168215918004,2.4678082725704136,阴
2024-11-13,宿迁,23.912568024065152,58.70390035658727,0.6366191675320991,晴
2024-11-14,宿迁,30.343124964281742,60.533224930013695,2.338327515409655,大雨
2024-11-15,宿迁,18.71118034606324,58.02931950164771,0.2646702893972049,小雨
2024-11-16,宿迁,24.111140025241983,61.8366732494412,1.0949027071201627,雾
2024-11-17,宿迁,29.19745247395066,60.673788793126974,1.3143929645338264,多云
2024-11-18,宿迁,26.466529401372398,89.07835020005724,0.4273907271091584,多云
2024-11-19,宿迁,24.666055583814035,87.12841058813594,1.2398927660601158,雾
2024-11-20,宿迁,18.898727898969653,66.74160293492307,0.7234178687145578,晴
2024-11-21,宿迁,18.524771048283,73.80394213997064,4.38411605735361,小雨
2024-11-22,宿迁,19.19746764858008,44.685026738968205,0.07498483035828682,中雨
2024-11-23,宿迁,23.333449924184553,56.23934605730025,1.3418768653499733,雾
2024-11-24,宿迁,21.86826087563835,79.409723514745,0.851894380584076,雷阵雨
2024-11-25,宿迁,14.148316160258057,89.02723022163589,7.460933137678589,大雨
2024-11-26,宿迁,27.466716928141118,66.25331017750774,1.0445850831980354,晴
2024-11-27,宿迁,31.204232028906063,58.317125420430045,0.46991338719813425,晴
2024-11-28,宿迁,33.71057306922651,47.299327376720655,3.989719010815712,小雨
2024-11-29,宿迁,19.551033464104016,42.17800803697069,4.2615448400537295,多云
2024-11-30,宿迁,21.71666176517037,50.02314194446059,2.1647382872290035,晴
2024-12-01,宿迁,30.04089155714543,87.92890478443974,0.014570796348747346,雾
2024-12-02,宿迁,24.973211539971054,81.0340088475321,5.567136193792782,雾
2024-12-03,宿迁,21.20816990679463,78.91442780767848,0.554491486569906,多云
2024-12-04,宿迁,28.429255980097444,60.999853685263034,1.3733947197112613,雷阵雨
2024-12-05,宿迁,11.696207779562155,76.5547064394211,0.2834560845681475,多云
2024-12-06,宿迁,25.315024709670524,73.20618411325663,1.0987757842571635,晴
2024-12-07,宿迁,38.48470477551504,46.40565000033763,4.153140775130836,多云
2024-12-08,宿迁,22.013904198630048,82.08377955777337,5.730763619057564,中雨
2024-12-09,宿迁,28.949162068668695,75.28354273157993,2.8362831703866744,晴
2024-12-10,宿迁,17.408570979266848,75.98646919274151,0.8059635021294912,多云
2024-12-11,宿迁,29.47850846263757,69.13122418433719,3.5674757480961206,晴
2024-12-12,宿迁,21.826639176215906,65.970921932974,5.484341513865626,大雨
2024-12-13,宿迁,27.736102732388783,84.16870776920939,9.832285535723974,中雨
2024-12-14,宿迁,29.695902260581384,42.50872969317681,0.07309173119454174,大雨
2024-12-15,宿迁,23.2175672442346,50.27367202091924,0.30468595624500894,小雨
2024-12-16,宿迁,29.414224078277567,46.90406281489,0.36477154162527997,多云
2024-12-17,宿迁,22.582665312922856,65.13570126430659,1.0661280341476145,晴
2024-12-18,宿迁,22.35815384693756,72.7880730993757,2.1934768675178176,多云
2024-12-19,宿迁,20.246880386466216,86.17489716408569,5.234030454412069,雾
2024-12-20,宿迁,24.344789214426907,84.14296258682192,3.9099971197543053,多云
2024-12-21,宿迁,34.42222365222063,65.07241650783712,7.109270458813407,晴
2024-12-22,宿迁,24.302453979809265,45.120709368375444,1.3520345578241735,多云
2024-12-23,宿迁,32.229110895316296,43.96509406323594,1.8081920466649686,多云
2024-12-24,宿迁,31.32322895635198,68.24978347173266,1.0747142368916898,晴
2024-12-25,宿迁,21.15900226059508,45.86253198426655,5.903310362110977,多云
2024-12-26,宿迁,24.90606993135881,54.04097553971076,1.3392713023066094,小雨
2024-12-27,宿迁,26.303840587417127,68.61702061680606,2.0374282106775263,晴
2024-12-28,宿迁,27.077107130488564,50.22630700501743,4.857251433954729,多云
2024-12-29,宿迁,16.17386727991696,89.44502371379079,0.5625369885278315,雾
2024-12-30,宿迁,23.44997987336055,60.032018648998466,6.851776295808884,晴
2024-12-31,宿迁,25.122568135886873,73.85894949438719,0.42440543085111815,多云
